29.4629
1.04313
-8.91291
0.593485
-3.65064
-2.57646
5.04698
2.09334
6.10616
2.23297
4.67399
-0.993578
5.87294
0.435653
0.465811
6.39372
-4.93637
-8.38448
3.34589
-3.74231
5.55954
-2.22385
2.7153
1.24902
-2.1263
2.89507
-3.00287
-0.442337
0.32563
2.25966
-2.88175
2.4292
-2.4514
-3.43155
5.6238
-3.40598
4.18465
3.11839
-9.54362
2.33298
1.41483
1.61701
-1.08654
4.23512
-7.43333
-5.57379
5.30624
1.85664
-0.395048
2.72373
-5.51389
-0.0321858
-0.886783
-0.630121
1.07769
-4.19502
-6.91832
5.93169
0.150609
1.03102
2.28951
-0.587744
0.919054
0.506887
-0.889863
-0.337296
-0.616128
0.348278
-0.110973
-1.08723
2.35331
1.8569
-6.24736
2.49455
-9.13094
1.19783
-0.104471
-2.48034
-0.155022
-0.951494
-0.0594687
-4.91008
1.66492
-1.03987
1.32444
-2.96868
1.36127
2.01533
-3.22756
-1.72637
-1.52295
-1.55273
-0.874903
1.49112
-2.2864
-0.685839
0.810858
-8.10139
-0.506336
-0.708566
-0.0442846
-3.13981
0.605622
-3.58657
7.41113
-2.45356
2.63915
0.259719
-3.4622
-1.35597
1.49139
-0.242903
-1.48901
0.776002
-0.381618
-6.02399
6.03227
-0.356585
-0.106112
-7.36574
-0.46036
0.797448
-0.807269
0.521086
2.26959
-0.0887078
-0.676679
-0.626777
-4.20642
-3.40619
1.57778
-2.67418
2.17954
-2.39307
0.698974
-1.52773
7.8125
-0.0907502
-0.00567171
-7.36574
-0.46036
0.421541
-0.579927
-0.160677
1.98563
-1.53683
5.05008
0.815349
-0.454809
-0.134768
2.5355
1.16058
-0.206916
-0.239372
-4.12963
-6.49063
-3.24986
-8.10139
-0.506336
-0.708566
-0.0442846
-2.44251
5.07752
-3.51342
3.39935
-0.222359
-1.26137
-2.10917
2.27686
-1.6677
2.08399
2.18291
-5.41339
1.44395
-2.43325
-0.543176
1.94125
-0.888636
-0.0555396
-0.905162
-0.056573
1.86343
2.12841
-1.24398
0.513426
1.07384
-0.130143
-3.22914
3.62965
4.48973
-4.46289
3.44189
-4.32213
-3.59064
3.78126
7.2315
5.22151
3.62692
-0.498132
1.30013
0.0812584
0.183558
-2.90078
-0.269194
-2.48155
3.24242
-2.48088
1.39863
-1.79151
-0.780043
1.60423
-1.25911
3.26715
1.91341
1.11663
-1.62776
4.65553
2.54453
-7.68101
2.95317
-4.64705
-0.861133
-2.76487
1.06975
-2.38639
-2.15782
1.85701
2.02664
-1.19102
1.52509
4.59396
-3.45932
8.42889
-2.00229
4.91716
-1.30813
2.06705
-5.88517
0.0810384
-6.67722
0.983367
-4.51731
0.144764
-1.60671
3.25942
0.403835
1.38388
0.745652
-2.60849
-2.93819
3.35639
-1.53027
1.84193
-2.16685
2.44731
0.130559
-1.59292
4.2846
-7.6593
0.0652063
6.93984
-2.64783
2.94985
0.373149
1.46041
1.5475
3.31148
-2.14968
0.312531
-0.290446
1.14065
-4.5602
2.3115
-1.53755
-0.285864
-3.78685
0.837997
5.64641
-11.5057
-1.86205
-1.71018
-2.98874
4.93496
-0.635681
-0.54188
3.84323
-2.88896
3.0923
-2.22423
0.0182093
1.51773
-2.54167
1.36059
-1.04043
-0.213672
3.22724
-4.4124
1.8707
-0.829702
0.23349
-3.2842
-3.46211
1.95401
1.16115
-2.61865
-0.32
-0.719556
1.47817
-0.214917
1.25315
-2.41657
1.1667
-1.20613
-0.798285
-0.582613
0.258327
-1.83666
2.34827
0.568503
0.999684
1.27185
-2.54685
2.47181
-0.568409
1.84405
-0.940234
0.220236
-0.545446
-1.08564
2.49343
-2.78842
0.00901837
-0.144364
-0.249071
-1.42642
0.892876
1.4299
-7.32638
-0.457899
0.328044
0.0205022
-3.63415
2.5404
-3.41291
5.06071
-0.279707
0.825757
0.515979
-2.28271
-1.17832
-1.99103
2.26003
-2.23122
-3.00713
0.262005
-5.96691
7.55167
-0.0139198
-0.00087009
-7.36574
-0.46036
-3.04846
1.11757
-1.73238
1.95277
2.02308
0.687154
2.93811
-2.61206
1.179
-1.42899
2.34747
-4.78984
0.0902571
1.80247
-5.64946
5.12259
-0.0139198
-0.00087009
-7.36574
-0.46036
-0.346621
1.10464
0.555673
2.73867
-1.24093
2.00359
-1.20945
-0.14306
1.88644
-2.52149
-0.537256
-0.0935605
-0.00674704
-2.88772
-1.09711
-0.40848
-6.19877
0.112272
0.328044
0.0205022
-4.38029
5.04686
-2.3932
2.77512
-1.46572
-0.0355619
-1.05685
0.541165
-0.360712
-0.0383332
1.11497
-0.86052
0.830506
-3.83768
1.04599
-1.02958
1.3214
-1.68104
-0.415035
0.511528
-1.50096
-1.36331
-3.59619
2.00424
5.75724
-5.163
3.09674
-2.16894
1.33263
-0.968265
-0.392323
-1.48926
-0.194807
0.277579
1.83789
-1.8759
-1.11988
-2.70082
1.37667
-0.972658
-2.68617
1.15227
2.69874
-4.55689
3.18847
-1.24282
-0.0925233
-0.743688
4.71094
-8.87155
-2.69414
0.00670565
-1.41177
-2.00046
-1.17074
-1.92727
4.39385
-13.2797
2.32127
2.61959
0.308813
-3.59202
-0.624616
2.99307
-1.76145
-0.655242
0.810404
0.270182
-0.933616
0.505361
-0.055809
0.895644
-0.08631
-2.10173
0.435985
-5.41546
0.680969
3.5985
-2.26392
5.48092
-0.342718
0.14866
-1.1038
1.65536
0.0730415
-2.33464
-1.63317
1.49057
-2.16988
1.83349
-2.88093
3.0266
13.9313
-6.64211
-2.93992
-0.438031
0.307316
-1.05018
-0.797967
1.81541
-1.47956
1.10389
0.702878
1.18423
1.76425
-0.366188
0.864263
-0.203115
-6.29097
-1.01305
-0.00568466
0.150307
0.27659
-0.682279
-1.00855
0.0155067
0.32561
-0.358186
0.0357769
0.42409
-0.00328268
0.260583
1.84641
-3.09325
2.5793
0.222388
-0.148099
-0.00925619
0.453515
-1.64566
-0.0117901
-0.336622
-0.923978
1.89178
0.2439
-0.189087
0.756756
-0.0425789
0.0443593
2.39958
-0.740079
0.186802
-0.505973
-0.031622
0.304471
-1.27405
-3.63729
-0.342556
-4.71207
2.87332
-0.0700057
-0.479216
1.22126
-1.06579
-2.89843
1.42878
-0.501546
3.67143
-7.36682
-0.460427
0.423206
-1.63563
-1.75098
0.714895
-0.286393
0.822763
0.536211
0.130628
0.0939423
-0.453688
0.383252
0.391855
0.612931
0.990351
-0.505973
-0.031622
0.138079
1.87707
-1.44164
2.09729
1.80127
-1.66018
4.34801
-3.56712
3.13536
-3.02057
2.48169
-2.19026
2.80756
0.245188
0.0371669
0.122654
-2.1664
2.91782
-0.0152487
-1.15486
1.19209
-1.4693
3.87401
-3.53492
3.90515
-2.81861
1.12759
-0.889372
-0.271221
-0.120102
-3.44326
-2.219
-1.52159
1.82174
0.354088
-0.203034
2.55493
-2.2709
3.7166
-2.16987
-0.464053
0.351608
-1.36599
1.81466
9.50611
-7.98063
5.13726
0.321079
-1.58952
1.13551
-0.00596348
-0.499436
-0.0439576
-2.23725
3.99456
-3.85369
-1.75477
3.2115
-2.2865
3.50057
1.97776
-7.08012
6.39955
0.89833
-1.39155
1.16256
0.694994
0.464889
-0.12162
-2.19823
-0.373691
-0.778122
0.630117
0.239981
0.884283
-0.95082
0.546761
-1.72873
-2.71423
-0.572293
-1.30971
0.993567
2.32459
-4.11814
1.81822
-3.0255
0.933975
-0.816016
0.91795
-0.449916
2.67704
-2.85668
2.55322
-1.89709
-0.608074
-0.0380048
-1.52479
1.17038
-0.0870608
0.594498
-1.38764
-0.649205
1.36541
-3.18565
4.81023
-2.99702
4.38773
1.59803
-2.39605
0.385595
-0.974543
-0.0609093
-0.458509
0.908993
0.212188
0.151561
0.154838
-0.237358
2.13498
-2.98591
-0.564316
2.41917
2.61116
1.91803
-2.00706
1.78548
-7.36574
-0.46036
0.0913789
-0.0843449
0.867659
-1.81377
0.543307
-0.457806
-0.179329
0.0480092
2.76803
-2.90175
0.0513914
-0.0941388
-4.34011
-0.532552
-0.974543
-0.0609093
-0.471387
0.280503
1.85831
-1.42588
-0.678323
-3.04652
-1.84664
-0.0828903
1.44324
0.459212
1.76243
-2.25018
1.42425
-1.43121
-0.608074
-0.0380048
-0.918515
0.526488
2.33214
-2.92424
0.19671
-1.31549
-0.512075
0.278379
0.383644
0.0290945
2.92544
-3.0469
-3.5691
-3.52845
0.0643917
0.521964
-0.367083
0.675175
0.723089
-1.29232
0.0541761
-0.757021
2.01811
-1.06813
-2.4355
3.18242
-0.443248
2.99824
5.54688
-10.0669
-0.250899
1.18121
